0 0.144319 0.57172 0.02846 0.856561
0 0.461522 0.526951 0.048743 0.946098
0 0.432301 0.606069 0.017451 0.787861
0 0.371805 0.67659 0.034478 0.646821
0 0.223097 0.61146 0.020956 0.777081
0 0.031416 0.554263 0.054513 0.891474
0 0.338681 0.59435 0.033115 0.811301
0 0.934027 0.516618 0.040265 0.966763
0 0.295425 0.59435 0.026354 0.811301
0 0.651619 0.52763 0.045752 0.94474
0 0.62485 0.52922 0.036991 0.941561
0 0.72015 0.542399 0.055416 0.915202
0 0.841912 0.605607 0.041239 0.788786
0 0.198097 0.523165 0.033115 0.953671
0 0.507602 0.612009 0.012159 0.775983
0 0.08115 0.572832 0.020956 0.854335
0 0.063009 0.56698 0.016637 0.86604
0 0.599549 0.52763 0.031133 0.94474
0 0.692292 0.549769 0.036619 0.900462
0 0.169372 0.61091 0.025681 0.778179
0 0.100761 0.572832 0.019611 0.854335
0 0.269398 0.526474 0.028389 0.947052
0 0.972832 0.663006 0.054336 0.673988
0 0.825009 0.681777 0.029062 0.636445
0 0.894973 0.558526 0.056779 0.882948
0 0.238646 0.522616 0.03177 0.954769
0 0.576681 0.523656 0.041858 0.952688
0 0.527133 0.615549 0.024319 0.768902
0 0.552885 0.551301 0.037841 0.897399
0 0.780743 0.568642 0.062195 0.862717
0 0.398504 0.600983 0.027027 0.798035
0 0.318407 0.682659 0.034478 0.634682
0 0.754381 0.609523 0.017575 0.780954
0 0.446681 0.610838 0.017965 0.778324
0 0.123407 0.577746 0.024336 0.844509
0 0.417088 0.601575 0.019593 0.79685
0 0.492283 0.601618 0.018018 0.796763
0 0.867602 0.612789 0.026354 0.774422