0 0.501525 0.45304 0.691986 0.106027
0 0.503511 0.80692 0.8613 0.12392
0 0.502671 0.64724 0.818818 0.12264
0 0.506064 0.72488 0.814303 0.131573
0 0.493889 0.37992 0.663097 0.08368
0 0.497281 0.4192 0.665343 0.08048
0 0.508038 0.5048 0.715177 0.108587
0 0.530697 0.271973 0.441111 0.053013
0 0.52078 0.326893 0.584397 0.092613
0 0.515402 0.571213 0.737849 0.1252
0 0.5137 0.352453 0.597423 0.08368
0 0.521064 0.29272 0.547565 0.0792
0 0.53182 0.23492 0.455839 0.083653
0 0.494917 0.923507 0.988274 0.147173
0 0.482683 0.85636 0.958936 0.084613