0 0.0446875 0.47607849999999996 0.08437499999999999 0.33864899999999987
0 0.1509375 0.5848965 0.169375 0.6013130000000001
0 0.186875 0.589587 0.215 0.610694
0 0.23531249999999998 0.579268 0.284375 0.670732
0 0.2990625 0.544559 0.24187499999999998 0.74015
0 0.440625 0.5046905 0.26625 0.923077
0 0.5065625 0.5098499999999999 0.23187500000000005 0.9127579999999998
0 0.734375 0.491088 0.355 0.982176
0 0.803125 0.498593 0.32499999999999996 0.997186
0 0.850625 0.500938 0.2975 0.9962479999999999
0 0.9043749999999999 0.6491560000000001 0.19000000000000006 0.699812