0 0.0384375 0.43292650000000005 0.076875 0.860225
0 0.12656250000000002 0.5492495 0.084375 0.665103
0 0.1759375 0.45919350000000003 0.078125 0.9183870000000001
0 0.24781250000000002 0.4737335 0.12687500000000002 0.947467
0 0.3578125 0.553002 0.114375 0.781426
0 0.468125 0.5520635 0.11874999999999997 0.7983110000000001
0 0.5028125 0.60788 0.075625 0.7673539999999999
0 0.6025 0.590994 0.135 0.806754
0 0.7371875 0.6627580000000001 0.1343749999999999 0.657598
0 0.8384375 0.49953099999999995 0.08062500000000006 0.9990619999999999
0 0.9334374999999999 0.512664 0.12687499999999996 0.972796