0 0.750533 0.575711 0.355111 0.0588
0 0.75 0.297933 0.375822 0.0436
0 0.753267 0.097489 0.349644 0.0436
0 0.751644 0.511444 0.3464 0.071867
0 0.375756 0.336622 0.363956 0.055556
0 0.364867 0.124733 0.348667 0.045733
0 0.262 0.933 0.521778 0.134
0 0.735289 0.632356 0.342044 0.0632
0 0.358511 0.0488 0.395422 0.0976
0 0.346356 0.7184 0.405333 0.076267
0 0.743467 0.135622 0.382311 0.061022
0 0.349111 0.643778 0.388889 0.072978
0 0.391089 0.277244 0.344222 0.058844
0 0.754356 0.349133 0.375822 0.061022
0 0.316933 0.4352 0.387911 0.0392
0 0.747822 0.688444 0.347467 0.064267
0 0.729311 0.459689 0.347511 0.042489
0 0.750533 0.242378 0.359467 0.080578
0 0.757644 0.060467 0.371467 0.0588
0 0.7304 0.753267 0.375822 0.080578
0 0.366511 0.575178 0.419511 0.088222
0 0.145556 0.230622 0.051111 0.356178
0 0.352933 0.811533 0.368178 0.117644
0 0.733111 0.1792 0.407378 0.074044
0 0.360578 0.385622 0.350756 0.053378
0 0.352889 0.2304 0.335644 0.052267
0 0.350756 0.175378 0.3464 0.059911
0 0.727111 0.813178 0.380178 0.052311
0 0.745644 0.917756 0.4368 0.164489
0 0.733111 0.403067 0.381244 0.064267
0 0.360556 0.492933 0.403067 0.076267