0 0.813283 0.8245 0.373433 0.0817
0 0.284025 0.731788 0.54525 0.050775
0 0.812542 0.73455 0.374917 0.07395
0 0.317508 0.189275 0.535683 0.12255
0 0.282192 0.550763 0.54305 0.052975
0 0.284767 0.635763 0.545267 0.050775
0 0.772642 0.403413 0.32595 0.038625
0 0.779433 0.662237 0.441133 0.066225
0 0.774283 0.567875 0.451433 0.085
0 0.758458 0.314575 0.483083 0.1744
0 0.286608 0.58995 0.545983 0.0563
0 0.788633 0.693738 0.422733 0.069475
0 0.780533 0.616988 0.438933 0.079475
0 0.299117 0.517663 0.571 0.092725
0 0.818067 0.865337 0.363867 0.079475
0 0.810342 0.7787 0.379317 0.07615
0 0.304633 0.468538 0.567333 0.076175
0 0.319167 0.771513 0.638333 0.110375
0 0.325425 0.909488 0.65085 0.163375
0 0.284025 0.67605 0.55555 0.0541
0 0.261775 0.391838 0.52355 0.110375
0 0.266733 0.307938 0.518033 0.125825
0 0.636867 0.391838 0.236933 0.066225
0 0.8291 0.910037 0.3418 0.067325
0 0.285133 0.238413 0.5357 0.123625
0 0.790842 0.440387 0.418317 0.064025
0 0.788633 0.507163 0.422733 0.080575
0 0.763242 0.231238 0.473517 0.098225