0 0.589741 0.516179 0.267259 0.846407
0 0.226819 0.429901 0.259935 0.773728
0 0.464815 0.490611 0.230963 0.820086
0 0.916324 0.583574 0.167352 0.832852
0 0.334847 0.45584 0.221028 0.796914
0 0.173009 0.41887 0.253315 0.771519
0 0.842079 0.566352 0.24338 0.867296
0 0.288903 0.440389 0.286417 0.790284
0 0.404796 0.474056 0.25 0.817889
0 0.799366 0.55708 0.277157 0.88584
0 0.122926 0.410037 0.239241 0.773728
0 0.948611 0.593506 0.102778 0.812988
0 0.884037 0.563704 0.231926 0.872593
0 0.677181 0.530722 0.322843 0.864901
0 0.550528 0.510852 0.230463 0.822519
0 0.73231 0.547938 0.26225 0.862247
0 0.53363 0.502247 0.262259 0.821185