0 0.49625100000000005 0.9240625 0.9297880000000001 0.10062499999999996
0 0.49659200000000003 0.7734375 0.866394 0.0943750000000001
0 0.4945465 0.6190625000000001 0.830947 0.083125
0 0.493865 0.6890624999999999 0.805044 0.07187500000000002
0 0.507839 0.8434375000000001 0.8289020000000001 0.0668749999999999
0 0.493524 0.5309375 0.77846 0.11812499999999998
0 0.48807100000000003 0.1440625 0.69666 0.10937500000000001
0 0.4955695 0.2475 0.685753 0.11124999999999999
0 0.5074985 0.42500000000000004 0.702795 0.11125000000000002
0 0.5013635 0.3353125 0.6782549999999999 0.06812499999999999
0 0.499318 0.0621875 0.6673479999999999 0.058124999999999996