2 0.113426 0.175966 0.115741 0.266094
2 0.226852 0.190987 0.083333 0.218884
2 0.335648 0.216738 0.097222 0.167382
2 0.446759 0.195279 0.134259 0.313305
2 0.560185 0.210300 0.083333 0.231760
2 0.789352 0.111588 0.319444 0.128755
2 0.777778 0.240343 0.259259 0.103004
2 0.115741 0.452790 0.092593 0.218884
2 0.231481 0.448498 0.111111 0.227468
2 0.335648 0.459227 0.087963 0.214592
2 0.435185 0.502146 0.083333 0.180258
2 0.543981 0.476395 0.106481 0.257511
2 0.664352 0.504292 0.106481 0.330472
2 0.763889 0.519313 0.092593 0.223176
2 0.870370 0.493562 0.148148 0.369099
2 0.122685 0.684549 0.115741 0.201717
2 0.344907 0.635193 0.300926 0.111588
2 0.534722 0.721030 0.550926 0.128755
2 0.724537 0.815451 0.375000 0.128755
2 0.263889 0.843348 0.435185 0.090129
