0 0.0775 0.569614 0.155 0.85889
0 0.1746875 0.614299 0.100625 0.7695200000000001
0 0.21781250000000002 0.575729 0.186875 0.8466600000000001
0 0.3334375 0.5997175 0.114375 0.798683
0 0.4265625 0.6194729999999999 0.09812500000000002 0.759172
0 0.494375 0.6467545 0.08749999999999997 0.704609
0 0.520625 0.0376295 0.04750000000000004 0.075259
0 0.5540625 0.6585135 0.06812499999999999 0.6810910000000001
0 0.5646875 0.0507995 0.038124999999999964 0.101599
0 0.5840625 0.6486354999999999 0.05687500000000001 0.6575729999999999
0 0.5846875 0.0644405 0.021874999999999978 0.128881
0 0.6184375 0.0903105 0.03312499999999996 0.180621
0 0.628125 0.626529 0.04999999999999993 0.594544
0 0.6415625 0.100188 0.03312499999999996 0.200376