0 0.0496875 0.6224999999999999 0.099375 0.738334
0 0.108125 0.6016665 0.08750000000000001 0.773333
0 0.2125 0.596667 0.15499999999999997 0.77
0 0.2346875 0.645417 0.054375000000000034 0.6924999999999999
0 0.2715625 0.6375000000000001 0.06062500000000001 0.671666
0 0.3325 0.6179169999999999 0.10125 0.6875
0 0.3828125 0.594167 0.06312499999999999 0.73
0 0.43374999999999997 0.5637500000000001 0.08000000000000002 0.8141660000000001
0 0.490625 0.5491665 0.07499999999999996 0.8366669999999999
0 0.55125 0.5508335 0.0675 0.8883329999999999
0 0.6209374999999999 0.55625 0.083125 0.860834
0 0.67125 0.56125 0.028750000000000053 0.8541660000000001
0 0.7150000000000001 0.65625 0.07750000000000001 0.6858340000000002
0 0.7359375 0.6041664999999999 0.09812500000000002 0.781667
0 0.766875 0.574167 0.10624999999999996 0.8450000000000001
0 0.8740625 0.5466669999999999 0.17562500000000003 0.87
0 0.840625 0.58875 0.036250000000000004 0.785834
0 0.978125 0.539167 0.04249999999999998 0.8849999999999999