0 0.07906250000000001 0.6177294999999999 0.069375 0.11726099999999993
0 0.1471875 0.618668 0.064375 0.11538399999999993
0 0.184375 0.638837 0.04124999999999998 0.09005599999999997
0 0.2278125 0.641651 0.03812500000000002 0.08442799999999995
0 0.2840625 0.6233584999999999 0.06937499999999996 0.12101299999999993
0 0.369375 0.6435270000000001 0.044999999999999984 0.08818000000000002
0 0.439375 0.6463415 0.04125000000000001 0.09005700000000003
0 0.499375 0.641651 0.04624999999999996 0.09568399999999999
0 0.5690625 0.632739 0.07562500000000005 0.136022
0 0.6390625000000001 0.6529079999999999 0.04312499999999997 0.091932
0 0.693125 0.665572 0.04625000000000001 0.09099399999999995
0 0.7684375 0.6308630000000001 0.08187499999999992 0.13602199999999992
0 0.8571875 0.6369604999999999 0.07187499999999991 0.14071300000000003