0 0.542174 0.430833 0.201500 0.335000
0 0.297563 0.314167 0.274602 0.105000
0 0.293814 0.405833 0.278351 0.105000
0 0.280225 0.469167 0.260544 0.068333
0 0.284442 0.535833 0.259606 0.061667
0 0.276476 0.569167 0.219306 0.041667
0 0.276007 0.619167 0.246485 0.045000
0 0.270384 0.670833 0.267104 0.071667
0 0.293814 0.751667 0.259606 0.060000
0 0.295220 0.800000 0.239925 0.083333
0 0.245548 0.860833 0.194939 0.065000
0 0.444705 0.933333 0.362699 0.133333
0 0.711809 0.846667 0.323336 0.160000
0 0.738988 0.966667 0.259606 0.066667
